/*--------------------------------*- C++ -*----------------------------------*\
  =========                 |
  \\      /  F ield         | OpenFOAM: The Open Source CFD Toolbox
   \\    /   O peration     | Website:  https://openfoam.org
    \\  /    A nd           | Version:  9
     \\/     M anipulation  |
\*---------------------------------------------------------------------------*/
FoamFile
{
    format      ascii;
    class       vectorField;
    location    "constant/polyMesh";
    object      points;
}
// * * * * * * * * * * * * * * * * * * * * * * * * * * * * * * * * * * * * * //


462
(
(0 0 0)
(0.025 0 0)
(0.05 0 0)
(0.075 0 0)
(0.1 0 0)
(0.125 0 0)
(0.15 0 0)
(0.175 0 0)
(0.2 0 0)
(0.225 0 0)
(0.25 0 0)
(0.275 0 0)
(0.3 0 0)
(0.325 0 0)
(0.35 0 0)
(0.375 0 0)
(0.4 0 0)
(0.425 0 0)
(0.45 0 0)
(0.475 0 0)
(0.5 0 0)
(0 0.09831822852 0)
(0.025 0.09831822852 0)
(0.05 0.09831822852 0)
(0.075 0.09831822852 0)
(0.1 0.09831822852 0)
(0.125 0.09831822852 0)
(0.15 0.09831822852 0)
(0.175 0.09831822852 0)
(0.2 0.09831822852 0)
(0.225 0.09831822852 0)
(0.25 0.09831822852 0)
(0.275 0.09831822852 0)
(0.3 0.09831822852 0)
(0.325 0.09831822852 0)
(0.35 0.09831822852 0)
(0.375 0.09831822852 0)
(0.4 0.09831822852 0)
(0.425 0.09831822852 0)
(0.45 0.09831822852 0)
(0.475 0.09831822852 0)
(0.5 0.09831822852 0)
(0 0.1805369485 0)
(0.025 0.1805369485 0)
(0.05 0.1805369485 0)
(0.075 0.1805369485 0)
(0.1 0.1805369485 0)
(0.125 0.1805369485 0)
(0.15 0.1805369485 0)
(0.175 0.1805369485 0)
(0.2 0.1805369485 0)
(0.225 0.1805369485 0)
(0.25 0.1805369485 0)
(0.275 0.1805369485 0)
(0.3 0.1805369485 0)
(0.325 0.1805369485 0)
(0.35 0.1805369485 0)
(0.375 0.1805369485 0)
(0.4 0.1805369485 0)
(0.425 0.1805369485 0)
(0.45 0.1805369485 0)
(0.475 0.1805369485 0)
(0.5 0.1805369485 0)
(0 0.2492924378 0)
(0.025 0.2492924378 0)
(0.05 0.2492924378 0)
(0.075 0.2492924378 0)
(0.1 0.2492924378 0)
(0.125 0.2492924378 0)
(0.15 0.2492924378 0)
(0.175 0.2492924378 0)
(0.2 0.2492924378 0)
(0.225 0.2492924378 0)
(0.25 0.2492924378 0)
(0.275 0.2492924378 0)
(0.3 0.2492924378 0)
(0.325 0.2492924378 0)
(0.35 0.2492924378 0)
(0.375 0.2492924378 0)
(0.4 0.2492924378 0)
(0.425 0.2492924378 0)
(0.45 0.2492924378 0)
(0.475 0.2492924378 0)
(0.5 0.2492924378 0)
(0 0.3067892866 0)
(0.025 0.3067892866 0)
(0.05 0.3067892866 0)
(0.075 0.3067892866 0)
(0.1 0.3067892866 0)
(0.125 0.3067892866 0)
(0.15 0.3067892866 0)
(0.175 0.3067892866 0)
(0.2 0.3067892866 0)
(0.225 0.3067892866 0)
(0.25 0.3067892866 0)
(0.275 0.3067892866 0)
(0.3 0.3067892866 0)
(0.325 0.3067892866 0)
(0.35 0.3067892866 0)
(0.375 0.3067892866 0)
(0.4 0.3067892866 0)
(0.425 0.3067892866 0)
(0.45 0.3067892866 0)
(0.475 0.3067892866 0)
(0.5 0.3067892866 0)
(0 0.3548710858 0)
(0.025 0.3548710858 0)
(0.05 0.3548710858 0)
(0.075 0.3548710858 0)
(0.1 0.3548710858 0)
(0.125 0.3548710858 0)
(0.15 0.3548710858 0)
(0.175 0.3548710858 0)
(0.2 0.3548710858 0)
(0.225 0.3548710858 0)
(0.25 0.3548710858 0)
(0.275 0.3548710858 0)
(0.3 0.3548710858 0)
(0.325 0.3548710858 0)
(0.35 0.3548710858 0)
(0.375 0.3548710858 0)
(0.4 0.3548710858 0)
(0.425 0.3548710858 0)
(0.45 0.3548710858 0)
(0.475 0.3548710858 0)
(0.5 0.3548710858 0)
(0 0.3950795398 0)
(0.025 0.3950795398 0)
(0.05 0.3950795398 0)
(0.075 0.3950795398 0)
(0.1 0.3950795398 0)
(0.125 0.3950795398 0)
(0.15 0.3950795398 0)
(0.175 0.3950795398 0)
(0.2 0.3950795398 0)
(0.225 0.3950795398 0)
(0.25 0.3950795398 0)
(0.275 0.3950795398 0)
(0.3 0.3950795398 0)
(0.325 0.3950795398 0)
(0.35 0.3950795398 0)
(0.375 0.3950795398 0)
(0.4 0.3950795398 0)
(0.425 0.3950795398 0)
(0.45 0.3950795398 0)
(0.475 0.3950795398 0)
(0.5 0.3950795398 0)
(0 0.428703901 0)
(0.025 0.428703901 0)
(0.05 0.428703901 0)
(0.075 0.428703901 0)
(0.1 0.428703901 0)
(0.125 0.428703901 0)
(0.15 0.428703901 0)
(0.175 0.428703901 0)
(0.2 0.428703901 0)
(0.225 0.428703901 0)
(0.25 0.428703901 0)
(0.275 0.428703901 0)
(0.3 0.428703901 0)
(0.325 0.428703901 0)
(0.35 0.428703901 0)
(0.375 0.428703901 0)
(0.4 0.428703901 0)
(0.425 0.428703901 0)
(0.45 0.428703901 0)
(0.475 0.428703901 0)
(0.5 0.428703901 0)
(0 0.4568223077 0)
(0.025 0.4568223077 0)
(0.05 0.4568223077 0)
(0.075 0.4568223077 0)
(0.1 0.4568223077 0)
(0.125 0.4568223077 0)
(0.15 0.4568223077 0)
(0.175 0.4568223077 0)
(0.2 0.4568223077 0)
(0.225 0.4568223077 0)
(0.25 0.4568223077 0)
(0.275 0.4568223077 0)
(0.3 0.4568223077 0)
(0.325 0.4568223077 0)
(0.35 0.4568223077 0)
(0.375 0.4568223077 0)
(0.4 0.4568223077 0)
(0.425 0.4568223077 0)
(0.45 0.4568223077 0)
(0.475 0.4568223077 0)
(0.5 0.4568223077 0)
(0 0.4803363543 0)
(0.025 0.4803363543 0)
(0.05 0.4803363543 0)
(0.075 0.4803363543 0)
(0.1 0.4803363543 0)
(0.125 0.4803363543 0)
(0.15 0.4803363543 0)
(0.175 0.4803363543 0)
(0.2 0.4803363543 0)
(0.225 0.4803363543 0)
(0.25 0.4803363543 0)
(0.275 0.4803363543 0)
(0.3 0.4803363543 0)
(0.325 0.4803363543 0)
(0.35 0.4803363543 0)
(0.375 0.4803363543 0)
(0.4 0.4803363543 0)
(0.425 0.4803363543 0)
(0.45 0.4803363543 0)
(0.475 0.4803363543 0)
(0.5 0.4803363543 0)
(0 0.5 0)
(0.025 0.5 0)
(0.05 0.5 0)
(0.075 0.5 0)
(0.1 0.5 0)
(0.125 0.5 0)
(0.15 0.5 0)
(0.175 0.5 0)
(0.2 0.5 0)
(0.225 0.5 0)
(0.25 0.5 0)
(0.275 0.5 0)
(0.3 0.5 0)
(0.325 0.5 0)
(0.35 0.5 0)
(0.375 0.5 0)
(0.4 0.5 0)
(0.425 0.5 0)
(0.45 0.5 0)
(0.475 0.5 0)
(0.5 0.5 0)
(0 0 0.01)
(0.025 0 0.01)
(0.05 0 0.01)
(0.075 0 0.01)
(0.1 0 0.01)
(0.125 0 0.01)
(0.15 0 0.01)
(0.175 0 0.01)
(0.2 0 0.01)
(0.225 0 0.01)
(0.25 0 0.01)
(0.275 0 0.01)
(0.3 0 0.01)
(0.325 0 0.01)
(0.35 0 0.01)
(0.375 0 0.01)
(0.4 0 0.01)
(0.425 0 0.01)
(0.45 0 0.01)
(0.475 0 0.01)
(0.5 0 0.01)
(0 0.09831822852 0.01)
(0.025 0.09831822852 0.01)
(0.05 0.09831822852 0.01)
(0.075 0.09831822852 0.01)
(0.1 0.09831822852 0.01)
(0.125 0.09831822852 0.01)
(0.15 0.09831822852 0.01)
(0.175 0.09831822852 0.01)
(0.2 0.09831822852 0.01)
(0.225 0.09831822852 0.01)
(0.25 0.09831822852 0.01)
(0.275 0.09831822852 0.01)
(0.3 0.09831822852 0.01)
(0.325 0.09831822852 0.01)
(0.35 0.09831822852 0.01)
(0.375 0.09831822852 0.01)
(0.4 0.09831822852 0.01)
(0.425 0.09831822852 0.01)
(0.45 0.09831822852 0.01)
(0.475 0.09831822852 0.01)
(0.5 0.09831822852 0.01)
(0 0.1805369485 0.01)
(0.025 0.1805369485 0.01)
(0.05 0.1805369485 0.01)
(0.075 0.1805369485 0.01)
(0.1 0.1805369485 0.01)
(0.125 0.1805369485 0.01)
(0.15 0.1805369485 0.01)
(0.175 0.1805369485 0.01)
(0.2 0.1805369485 0.01)
(0.225 0.1805369485 0.01)
(0.25 0.1805369485 0.01)
(0.275 0.1805369485 0.01)
(0.3 0.1805369485 0.01)
(0.325 0.1805369485 0.01)
(0.35 0.1805369485 0.01)
(0.375 0.1805369485 0.01)
(0.4 0.1805369485 0.01)
(0.425 0.1805369485 0.01)
(0.45 0.1805369485 0.01)
(0.475 0.1805369485 0.01)
(0.5 0.1805369485 0.01)
(0 0.2492924378 0.01)
(0.025 0.2492924378 0.01)
(0.05 0.2492924378 0.01)
(0.075 0.2492924378 0.01)
(0.1 0.2492924378 0.01)
(0.125 0.2492924378 0.01)
(0.15 0.2492924378 0.01)
(0.175 0.2492924378 0.01)
(0.2 0.2492924378 0.01)
(0.225 0.2492924378 0.01)
(0.25 0.2492924378 0.01)
(0.275 0.2492924378 0.01)
(0.3 0.2492924378 0.01)
(0.325 0.2492924378 0.01)
(0.35 0.2492924378 0.01)
(0.375 0.2492924378 0.01)
(0.4 0.2492924378 0.01)
(0.425 0.2492924378 0.01)
(0.45 0.2492924378 0.01)
(0.475 0.2492924378 0.01)
(0.5 0.2492924378 0.01)
(0 0.3067892866 0.01)
(0.025 0.3067892866 0.01)
(0.05 0.3067892866 0.01)
(0.075 0.3067892866 0.01)
(0.1 0.3067892866 0.01)
(0.125 0.3067892866 0.01)
(0.15 0.3067892866 0.01)
(0.175 0.3067892866 0.01)
(0.2 0.3067892866 0.01)
(0.225 0.3067892866 0.01)
(0.25 0.3067892866 0.01)
(0.275 0.3067892866 0.01)
(0.3 0.3067892866 0.01)
(0.325 0.3067892866 0.01)
(0.35 0.3067892866 0.01)
(0.375 0.3067892866 0.01)
(0.4 0.3067892866 0.01)
(0.425 0.3067892866 0.01)
(0.45 0.3067892866 0.01)
(0.475 0.3067892866 0.01)
(0.5 0.3067892866 0.01)
(0 0.3548710858 0.01)
(0.025 0.3548710858 0.01)
(0.05 0.3548710858 0.01)
(0.075 0.3548710858 0.01)
(0.1 0.3548710858 0.01)
(0.125 0.3548710858 0.01)
(0.15 0.3548710858 0.01)
(0.175 0.3548710858 0.01)
(0.2 0.3548710858 0.01)
(0.225 0.3548710858 0.01)
(0.25 0.3548710858 0.01)
(0.275 0.3548710858 0.01)
(0.3 0.3548710858 0.01)
(0.325 0.3548710858 0.01)
(0.35 0.3548710858 0.01)
(0.375 0.3548710858 0.01)
(0.4 0.3548710858 0.01)
(0.425 0.3548710858 0.01)
(0.45 0.3548710858 0.01)
(0.475 0.3548710858 0.01)
(0.5 0.3548710858 0.01)
(0 0.3950795398 0.01)
(0.025 0.3950795398 0.01)
(0.05 0.3950795398 0.01)
(0.075 0.3950795398 0.01)
(0.1 0.3950795398 0.01)
(0.125 0.3950795398 0.01)
(0.15 0.3950795398 0.01)
(0.175 0.3950795398 0.01)
(0.2 0.3950795398 0.01)
(0.225 0.3950795398 0.01)
(0.25 0.3950795398 0.01)
(0.275 0.3950795398 0.01)
(0.3 0.3950795398 0.01)
(0.325 0.3950795398 0.01)
(0.35 0.3950795398 0.01)
(0.375 0.3950795398 0.01)
(0.4 0.3950795398 0.01)
(0.425 0.3950795398 0.01)
(0.45 0.3950795398 0.01)
(0.475 0.3950795398 0.01)
(0.5 0.3950795398 0.01)
(0 0.428703901 0.01)
(0.025 0.428703901 0.01)
(0.05 0.428703901 0.01)
(0.075 0.428703901 0.01)
(0.1 0.428703901 0.01)
(0.125 0.428703901 0.01)
(0.15 0.428703901 0.01)
(0.175 0.428703901 0.01)
(0.2 0.428703901 0.01)
(0.225 0.428703901 0.01)
(0.25 0.428703901 0.01)
(0.275 0.428703901 0.01)
(0.3 0.428703901 0.01)
(0.325 0.428703901 0.01)
(0.35 0.428703901 0.01)
(0.375 0.428703901 0.01)
(0.4 0.428703901 0.01)
(0.425 0.428703901 0.01)
(0.45 0.428703901 0.01)
(0.475 0.428703901 0.01)
(0.5 0.428703901 0.01)
(0 0.4568223077 0.01)
(0.025 0.4568223077 0.01)
(0.05 0.4568223077 0.01)
(0.075 0.4568223077 0.01)
(0.1 0.4568223077 0.01)
(0.125 0.4568223077 0.01)
(0.15 0.4568223077 0.01)
(0.175 0.4568223077 0.01)
(0.2 0.4568223077 0.01)
(0.225 0.4568223077 0.01)
(0.25 0.4568223077 0.01)
(0.275 0.4568223077 0.01)
(0.3 0.4568223077 0.01)
(0.325 0.4568223077 0.01)
(0.35 0.4568223077 0.01)
(0.375 0.4568223077 0.01)
(0.4 0.4568223077 0.01)
(0.425 0.4568223077 0.01)
(0.45 0.4568223077 0.01)
(0.475 0.4568223077 0.01)
(0.5 0.4568223077 0.01)
(0 0.4803363543 0.01)
(0.025 0.4803363543 0.01)
(0.05 0.4803363543 0.01)
(0.075 0.4803363543 0.01)
(0.1 0.4803363543 0.01)
(0.125 0.4803363543 0.01)
(0.15 0.4803363543 0.01)
(0.175 0.4803363543 0.01)
(0.2 0.4803363543 0.01)
(0.225 0.4803363543 0.01)
(0.25 0.4803363543 0.01)
(0.275 0.4803363543 0.01)
(0.3 0.4803363543 0.01)
(0.325 0.4803363543 0.01)
(0.35 0.4803363543 0.01)
(0.375 0.4803363543 0.01)
(0.4 0.4803363543 0.01)
(0.425 0.4803363543 0.01)
(0.45 0.4803363543 0.01)
(0.475 0.4803363543 0.01)
(0.5 0.4803363543 0.01)
(0 0.5 0.01)
(0.025 0.5 0.01)
(0.05 0.5 0.01)
(0.075 0.5 0.01)
(0.1 0.5 0.01)
(0.125 0.5 0.01)
(0.15 0.5 0.01)
(0.175 0.5 0.01)
(0.2 0.5 0.01)
(0.225 0.5 0.01)
(0.25 0.5 0.01)
(0.275 0.5 0.01)
(0.3 0.5 0.01)
(0.325 0.5 0.01)
(0.35 0.5 0.01)
(0.375 0.5 0.01)
(0.4 0.5 0.01)
(0.425 0.5 0.01)
(0.45 0.5 0.01)
(0.475 0.5 0.01)
(0.5 0.5 0.01)
)


// ************************************************************************* //
